1005052767307760
2886518094
1005051845510130
2475328792
1005055223347680
3751367771
3155468077
3149316543
1076230665
3013435731
2934204240
2892538605
2856719634
2823595044
2802762400
1005051431888260
2678937963
2662609641
2513640264
2393014132
2309651795
2264890964
2200471240
2126350092
2071905135
2056750962
2039428497
1942132702
1897656175
1789870014
1778308550
1658935165
1167498904
1005051660120660
3605750901
1005052373045690
1005053225126480
2023983243
1516631850
1005051942421730
1721957422
1974534084
1005051226229400
1005052339054400
1005051650142940
1005051347105890
1005051408839630
2718876673
1005053239582720
1005051918547920
2798704674
1796221353
1005052636322110
5177578890
1005052935678220
1005052935678220
1005052891490890
1005051540768610
10050527155563
1005051738788620